Vector Kr (Key Rows) : 
234
205
84
132
161
216
196
152
80
207
142
94
133
152
92
182
199
194
12
100
97
187
173
83
9
83
59
5
230
109
224
86
44
198
28
49
34
231
203
84
128
4
117
117
191
103
3
75
3
118
186
222
178
148
156
240
119
127
129
184
223
68
189
113
122
95
177
239
241
182
165
141
18
57
134
177
106
92
240
44
160
11
56
16
38
101
98
17
242
209
5
74
105
217
184
122
179
6
149
131
112
182
175
230
67
56
130
134
125
104
108
0
173
91
213
212
60
170
122
70
218
4
148
149
212
222
76
94
240
153
189
208
65
170
243
137
219
192
171
137
55
197
94
76
247
66
177
103
34
248
124
125
234
63
6
76
5
165
220
42
189
185
89
99
93
56
115
137
232
119
33
32
90
176
218
210
46
97
240
106
255
130
51
22
17
252
77
202
75
47
203
67
88
35
30
141
199
216
154
239
86
190
66
51
123
102
87
52
84
177
227
165
225
200
242
0
11
82
71
97
42
107
97
134
73
157
146
77
3
98
76
122
185
115
223
88
111
98
17
109
185
28
127
149
97
17
10
198
205
69
92
204
173
46
2
23
246
235
27
28
60
46
188
240
48
195
228
18
150
125
188
251
57
139
36
190
170
235
96
24
55
29
191
137
126
111
226
37
227
176
84
246
223
17
57
9
95
56
241
44
Vector Kc (Key Columns) : 
207
14
152
120
248
192
255
121
122
154
160
65
248
4
217
217
238
171
247
25
166
12
149
230
22
132
173
179
86
106
119
65
224
211
219
147
158
111
190
27
129
171
3
214
163
98
38
83
154
186
178
89
235
42
11
144
22
171
59
82
59
126
166
90
54
38
246
26
182
96
218
232
75
139
14
253
31
173
221
4
39
28
160
254
54
111
4
87
194
234
122
230
45
127
120
20
1
67
64
105
232
40
130
0
74
243
223
11
118
142
219
142
6
178
119
123
158
250
221
76
111
99
173
71
125
185
28
36
241
132
111
42
121
168
53
220
197
163
15
216
163
54
116
243
202
48
122
160
220
108
19
109
137
171
100
252
83
71
7
204
64
82
44
162
116
180
34
132
Iter_Max : 
1
